1
1
59
1227
2
316543
168482
23585
111369
269231
489318
11711
10802
4
2718
127576
301548
214856
156048
1188925
5064
5454
62
267264
40866
175
24161
5
4
532
220931
204714
1532038
35362
270
18384
56374
1008510
30752
29977
24148
74492
7194
176946
2834
27
1992
389
52
15
0 0 0 0 0 0 0 0 0 0 0 0 0 0 0 0 0 0 0 0 0 0 0 0 0 0 0 0 0 0 0 0 1 0 0 0 0 0 0 0 0 0 0 0 0 0 0 0 0 0 
0 0 0 0 0 1 0 0 0 0 0 0 0 0 0 0 0 0 0 0 0 0 0 0 0 0 0 0 0 0 0 0 0 0 0 0 0 0 0 0 0 0 0 0 0 0 0 0 0 0 
0 0 1 0 0 6 0 0 0 1 5 2 1 0 0 0 0 0 1 11 0 1 0 1 0 0 0 0 0 0 0 0 9 0 0 0 0 14 0 6 0 0 0 0 0 0 0 0 0 0 
0 0 0 1 0 52 12 3 3 33 130 1 0 0 0 2 5 12 1 91 1 0 0 16 5 0 0 0 0 0 3 0 69 2 0 0 4 743 5 0 0 7 1 24 0 0 1 0 0 0 
0 0 0 0 0 0 0 0 0 0 1 0 0 0 0 0 0 0 0 1 0 0 0 0 0 0 0 0 0 0 0 0 0 0 0 0 0 0 0 0 0 0 0 0 0 0 0 0 0 0 
0 0 1 57 0 27950 572 63 249 24278 1898 43 2010 0 10 406 157 1989 71 196884 325 1 0 5057 3402 1 26 0 0 64 39540 111 1913 1538 1 25 328 3783 2731 110 13 88 323 255 5 0 245 18 1 1 
0 0 1 42 0 10504 745 782 715 9266 124 5 316 0 27 2055 12432 7787 52 40216 151 0 4 3966 1369 0 788 0 0 9 6328 2138 43335 1304 55 1188 1892 10423 845 159 611 1941 168 6602 81 7 47 2 0 0 
0 0 0 0 0 1241 253 143 178 295 2533 19 22 0 6 49 1011 309 7 4669 15 0 0 901 91 1 1 0 0 1 522 31 6653 141 1 50 189 3721 87 67 38 117 71 140 5 0 2 5 0 0 
0 0 0 9 0 7622 898 112 496 2970 12486 74 258 0 5 119 991 1291 277 27379 114 4 1 4572 950 0 36 0 0 7 1079 183 7754 511 0 85 266 38771 568 182 61 277 111 808 11 0 22 9 0 0 
0 0 11 24 0 4424 49 4656 2683 3366 295 1 182 0 297 18131 7082 27231 140 36823 114 0 3 14112 1436 0 4673 0 0 12 8235 6197 78436 1808 14 347 3987 4596 922 719 1604 7183 310 28883 170 2 51 15 7 0 
0 0 0 22 0 9179 398 2105 1507 4415 1526 235 274 0 145 3172 65167 10744 724 31493 128 1 23 35396 574 0 1228 0 1 15 34793 5030 209441 3092 41 5699 9135 28642 2549 3464 1869 4235 1080 11338 251 2 136 44 3 2 
0 0 1 0 0 14 2 0 2 1 3 86 3 0 1 0 1 3 1 28 0 1 0 0 0 0 0 0 0 0 6 3 16 0 0 0 0 11531 0 1 0 1 0 3 0 0 2 1 0 0 
0 0 1 1 0 199 74 26 82 360 373 29 40 0 37 188 169 368 15 1279 0 10 0 379 12 1 30 0 1 3 310 72 2633 24 0 34 49 3049 37 362 27 222 13 245 3 0 43 2 0 0 
0 0 0 0 0 0 0 0 0 0 0 0 0 0 0 0 0 0 0 1 0 0 0 0 0 0 0 0 0 0 2 0 0 0 0 0 0 1 0 0 0 0 0 0 0 0 0 0 0 0 
0 0 0 0 0 304 16 2 69 198 115 4 52 0 155 122 12 9 6 524 0 0 0 72 9 0 1 0 0 1 36 18 226 2 0 1 6 658 3 26 9 8 3 49 0 0 2 0 0 0 
0 0 0 1 0 5785 750 244 5487 10230 6245 51 58 0 593 28760 1336 2018 25 18138 53 3 0 3069 589 0 185 0 0 2 901 586 16695 233 0 31 250 20570 126 1405 191 683 40 2211 25 0 7 0 0 0 
0 0 0 24 0 8036 14884 313 8870 2505 18360 188 69 0 7 315 25130 725 32 17635 93 24 0 1284 785 0 28 0 0 2 2133 55 112241 420 1 375 874 84009 401 1000 43 392 43 229 18 0 5 0 0 0 
0 0 2 25 0 21492 2035 850 1211 11194 16815 317 297 0 28 1603 5500 3558 9087 53188 116 6 0 12797 1348 1 53 0 0 23 5916 179 43589 1053 9 409 1181 10679 1435 3147 152 846 308 4315 10 0 59 21 2 0 
0 0 0 13 0 3831 737 369 7853 2503 7581 270 145 0 39 598 6409 782 193 13503 45 7 5 4530 348 0 118 0 0 3 7485 383 52886 810 5 404 2441 36028 721 576 451 1980 362 1501 80 0 45 7 0 1 
0 0 15 123 0 32179 13723 4979 14863 44665 155820 5356 1166 0 305 9642 35133 46647 3240 191801 1136 84 6 70895 5987 3 3101 0 0 88 44530 9417 222065 6707 67 3681 11171 186222 5492 7581 2735 12877 1003 33529 411 9 434 28 5 4 
0 0 0 0 2 157 5 0 2 58 5 0 7 0 0 0 10 0 0 4594 7 0 0 2 56 0 0 0 0 0 49 0 15 5 0 0 0 88 0 0 0 2 0 0 0 0 0 0 0 0 
0 0 0 0 0 940 74 62 17 549 644 6 8 0 0 43 24 62 12 1845 8 2 0 60 98 0 0 0 0 2 122 3 126 55 0 1 9 528 129 6 0 4 10 0 0 0 3 2 0 0 
0 0 0 0 0 1 4 0 0 0 10 1 0 0 0 0 14 0 0 3 0 0 0 0 1 0 0 0 0 0 1 0 9 0 0 0 0 18 0 0 0 0 0 0 0 0 0 0 0 0 
0 0 0 3 0 2128 542 194 1471 1723 3631 69 242 0 64 396 2880 302 139675 13741 48 1 0 17529 136 0 18 5 1 2 9453 110 46089 466 5 365 1073 19492 477 1907 565 675 160 1522 45 0 55 1 1 2 
0 0 0 6 0 617 32 1 12 1416 20 1 153 0 1 5 24 41 1 37247 38 0 0 51 182 0 0 0 0 1 565 1 49 97 0 1 2 240 44 2 0 14 0 0 0 0 2 0 0 0 
0 0 0 0 0 3 0 0 0 0 1 0 0 0 0 1 0 1 0 2 0 0 0 0 0 36 0 0 0 0 1 0 4 0 0 0 0 126 0 0 0 0 0 0 0 0 0 0 0 0 
0 0 0 1 0 778 550 29 217 1271 1138 2 15 0 1 407 607 137 2 2825 13 0 0 498 73 0 183 0 0 2 118 156 6567 47 0 13 1094 2114 36 36 15 652 0 4562 2 0 0 0 0 0 
0 0 0 0 0 0 0 0 0 0 0 0 0 0 0 0 0 0 0 2 0 0 0 0 0 0 0 0 0 0 0 0 1 0 0 0 0 2 0 0 0 0 0 0 0 0 0 0 0 0 
0 0 0 0 0 0 0 0 0 0 0 0 0 0 0 0 0 0 0 0 0 0 0 0 0 0 0 0 0 0 0 0 0 0 0 0 0 4 0 0 0 0 0 0 0 0 0 0 0 0 
0 0 0 0 0 8 1 0 0 8 1 1 18 0 0 7 0 3 0 297 0 0 0 14 0 0 0 0 0 0 142 0 8 1 0 0 0 5 0 2 0 0 0 0 0 0 16 0 0 0 
0 0 0 2 0 1849 3089 98 637 1361 58963 2143 69 0 32 246 15646 709 1775 5605 9 30 1 5116 77 0 13 0 0 6 5635 183 69141 702 1 721 400 43780 68 1044 100 546 157 913 12 0 49 1 0 2 
0 0 0 11 0 5448 2800 266 306 7680 7081 33 2017 4 19 3663 428 815 13 24722 87 32 0 1395 405 0 52 0 0 3 642 92762 19257 248 0 6 407 32942 366 314 29 41 47 362 3 0 5 3 0 0 
0 0 2 177 0 81192 55249 2579 50793 43086 140338 1989 1394 0 125 7857 87459 9783 406 222230 1469 4927 8 27911 8810 7 749 0 1 154 26039 35261 277915 5228 14 3138 7743 401887 4769 4492 1051 9147 1442 4665 237 1 251 61 1 1 
0 0 0 1 0 1095 1050 26 473 635 6470 141 27 0 1 71 1085 226 7 3172 15 26 0 380 112 2 5 0 0 0 315 76 3338 98 1 17 62 16126 62 76 9 76 6 77 2 0 1 0 0 0 
0 0 0 0 0 0 0 1 2 1 0 0 0 0 0 0 73 3 0 5 0 0 0 6 0 0 14 0 0 0 12 2 117 5 0 0 8 2 0 1 2 12 0 4 0 0 0 0 0 0 
0 0 0 1 0 736 1794 2 277 139 1116 49 6 0 1 4 1094 41 1 1643 6 1 0 60 46 0 1 0 0 0 114 3 1988 32 0 231 8 8847 49 53 0 13 11 17 0 0 0 0 0 0 
0 0 0 1 0 111 279 88 409 100 5296 8 11 0 0 41 5616 167 25 716 5 1 0 507 9 0 62 0 0 0 626 16 36407 347 1 462 951 2910 25 108 117 407 12 474 56 0 3 0 0 0 
1 1 13 490 0 77245 60015 3651 6214 74652 10554 298 1492 0 667 31196 17717 83106 833 192508 889 216 11 38952 12332 98 7675 0 0 111 20257 41855 160578 8662 45 882 8597 59507 8045 2055 8794 15144 1276 50175 1159 6 366 146 22 2 
0 0 0 1 0 435 274 11 249 456 8676 208 16 0 8 12 36 60 21 1671 2 35 0 79 37 1 2 0 0 3 59 13 412 47 0 2 5 17720 94 52 2 10 8 31 0 0 3 0 1 0 
0 0 1 21 0 1395 357 40 622 948 1723 79 178 0 6 450 290 182 11 5378 20 16 0 605 106 1 260 0 0 7 514 89 3347 62 0 4 48 11695 70 337 66 72 36 858 1 0 79 3 0 0 
0 0 0 1 0 405 320 36 206 345 1027 6 24 0 0 88 613 95 4 1243 3 10 0 733 29 0 53 0 0 0 217 17 11729 53 1 7 251 5736 39 89 260 233 4 190 81 0 0 0 0 0 
0 0 2 8 0 1869 1368 266 1725 1835 3456 11 39 0 8 516 4198 552 24 8452 52 16 0 4293 318 0 40 0 0 0 960 118 22561 174 4 109 1782 8256 49 188 248 10100 9 857 20 0 8 0 1 0 
0 0 0 0 0 67 78 10 28 73 2150 22 19 0 3 17 113 8 1 876 0 0 0 304 7 0 1 0 0 1 204 4 1524 9 0 31 20 1495 14 14 3 5 48 40 0 0 5 0 0 0 
0 0 1 25 0 4559 3201 1353 3227 4326 12440 35 78 0 49 9166 3886 1732 32 19113 64 4 0 4787 642 0 1137 0 0 0 2245 661 65462 810 3 192 1499 16321 241 447 4218 3774 34 11071 102 0 7 1 1 0 
0 0 0 0 0 54 32 5 17 45 165 0 0 0 0 8 93 7 21 170 2 0 0 71 4 0 1 0 0 0 23 2 1025 1 1 0 38 965 6 22 20 12 0 8 16 0 0 0 0 0 
0 0 0 0 0 2 3 1 2 0 1 0 0 0 0 0 2 0 0 3 0 0 0 2 0 0 0 0 0 0 1 1 7 0 0 0 0 2 0 0 0 0 0 0 0 0 0 0 0 0 
0 0 3 0 0 36 46 1 12 41 125 30 33 0 2 1 15 9 0 330 1 2 0 23 3 0 0 0 0 0 68 3 364 3 0 1 3 676 0 120 0 3 1 3 0 0 33 0 0 1 
0 0 0 0 0 10 1 0 0 1 80 1 2 0 0 0 1 2 0 72 0 0 0 12 0 0 0 0 0 0 9 0 33 1 0 0 0 144 0 5 0 0 1 1 0 0 0 13 0 0 
0 0 0 0 0 2 0 0 0 0 0 0 0 0 0 1 0 1 2 8 0 1 0 3 0 0 0 0 0 0 1 0 13 0 0 0 0 13 0 0 0 0 0 0 0 0 0 0 7 0 
0 0 0 0 0 0 0 0 0 0 3 0 0 0 0 0 1 0 1 2 0 0 0 0 0 0 0 0 0 0 1 0 4 0 0 0 1 2 0 0 0 0 0 0 0 0 0 0 0 0 
